,eng,deu,fin,mnd,fra,ita,rus,spa
eng,0.0,0.3277,0.2736,0.5687,0.427,0.5687,0.2804,0.3433
deu,0.3277,0.0,0.1864,0.5456,0.2617,0.5456,0.3333,0.4788
fin,0.2736,0.1864,0.0,0.5687,0.3277,0.5687,0.2804,0.4477
mnd,0.5687,0.5456,0.5687,0.0,0.5456,0.0002,0.6162,0.5922
fra,0.427,0.2617,0.3277,0.5456,0.0,0.5456,0.3333,0.4788
ita,0.5687,0.5456,0.5687,0.0002,0.5456,0.0,0.6162,0.5922
rus,0.2804,0.3333,0.2804,0.6162,0.3333,0.6162,0.0,0.3613
spa,0.3433,0.4788,0.4477,0.5922,0.4788,0.5922,0.3613,0.0
